2.491462571089990088e+05
1.870558653812721604e+05
9.520601738948683487e+04
3.953722320526926342e+04
4.725477680390197202e+04
5.461489433551658294e+04
4.386283469595095085e+04
3.865774618560017552e+04
3.847309264466953755e+04
3.009230226112672608e+04
2.407586978154719691e+04
2.166284296175534473e+04
1.479312079312444621e+04
1.652126876502988307e+04
1.672600575456448132e+04
1.278638017675707124e+04
1.395344511560958745e+04
1.217934677442009161e+04
1.085701650696987781e+04
1.219579544655850077e+04
9.091219398044329864e+03
7.048184237904115435e+03
6.419324465364750722e+03
4.303028738266278197e+03
5.293329591299564527e+03
6.010663014563462639e+03
4.810662418910581437e+03
4.885755380287549087e+03
3.968760812887904649e+03
3.098115995152284086e+03
3.760133811005675398e+03
3.352230190341140315e+03
3.208710479978693002e+03
3.463972408232594717e+03
2.786977700333266512e+03
2.757392176466612000e+03
2.321602080389623097e+03
1.493079064947048892e+03
1.430298007780966600e+03
1.103783713309904215e+03
1.187664324838768607e+03
1.426728487251467868e+03
1.190490209920128791e+03
1.305932878473420942e+03
1.182050122382039262e+03
1.035190515693501084e+03
1.045220029469612200e+03
7.821644938957060731e+02
8.013940038539984698e+02
7.811852287411486486e+02
7.057634122232557274e+02
7.089951844842507853e+02
5.231464692571307751e+02
5.218519651737439062e+02
5.188732426691599358e+02
5.091644830222284668e+02
5.293164525399889726e+02
4.229589392661277998e+02
4.215165841769936605e+02
3.757661023993563845e+02
3.617019625617685961e+02
3.575828503553252062e+02
3.177970844601440490e+02
3.425538302698316784e+02
3.083986264795065040e+02
3.045318773097332610e+02
2.763939442336341585e+02
2.630868465574770312e+02
2.683590201506966650e+02
2.441439423202618855e+02
2.418131161149975412e+02
2.175026614588256280e+02
2.255476155598512946e+02
2.188216372614436125e+02
2.151958954132422548e+02
2.060706875945309093e+02
1.936181101334321681e+02
1.906260681503909211e+02
1.775872832544667972e+02
1.794867860317854422e+02
1.741498490442722584e+02
1.790567644955940807e+02
1.724397014106282882e+02
1.688146136919082210e+02
1.625714479074885901e+02
1.593247098591581050e+02
1.570146773414455765e+02
1.534549212334736978e+02
1.529764882601536442e+02
1.489608118496070688e+02
1.470472146470859229e+02
1.420314250631992650e+02
1.423341930177695644e+02
1.407991624056015496e+02
1.412292101081216913e+02
1.379472933675685340e+02
1.369785151171588211e+02
1.346624412827545711e+02
1.338993040100173744e+02
1.315390224095636427e+02
1.306214994264865652e+02
1.292204903543692467e+02
1.285833836277967066e+02
1.273277180631527585e+02
1.267145051445588422e+02
1.257101923004976811e+02
1.246987352713041446e+02
1.233306883995700929e+02
1.224878876580868194e+02
1.217161562661474505e+02
1.210839500508653259e+02
1.202233517697760306e+02
1.195804292625691971e+02
1.188201526098228697e+02
1.181825175740939073e+02
1.174471080791762461e+02
1.169439760085676738e+02
1.162705102188522659e+02
1.156843837634211383e+02
1.149843445081225752e+02
1.145043837322742917e+02
1.138862924223591904e+02
1.133955362322788432e+02
1.127901498173297341e+02
1.123378458564047264e+02
1.117739491196845734e+02
1.113630707599235876e+02
1.108864594285921328e+02
1.104685657125017002e+02
1.099248605848494691e+02
1.094571884332194571e+02
1.089934748697509548e+02
1.085812702744039768e+02
1.081462480009100062e+02
1.077299234306199480e+02
1.073293461030842479e+02
1.069108976672305715e+02
1.065110332864837801e+02
1.060948234044006142e+02
1.057067881036874013e+02
1.052922266497705976e+02
1.049155915384806264e+02
1.045329653195161086e+02
1.041674917979530193e+02
1.037893823934592064e+02
1.034194564745508558e+02
1.030529847825583545e+02
1.026826284686536894e+02
1.023247672922144886e+02
1.019628583833267470e+02
1.016121998163331597e+02
1.012554542608447434e+02
1.009110822662751588e+02
1.005660125743274733e+02
1.002220877285140119e+02
9.988056363090157674e+01
9.953868725437104104e+01
9.920344809829292387e+01
9.886704396662442207e+01
9.853765000985134748e+01
9.820669546000573291e+01
9.787765932500033728e+01
9.755192614747396362e+01
9.722776366516902158e+01
9.690652612072253191e+01
9.658437392181926384e+01
9.626645233869149365e+01
9.594984424734634842e+01
9.563498709082041671e+01
9.532257116230320548e+01
9.501069195988424099e+01
9.470116026566932987e+01
9.439243628010135012e+01
9.408630124301373598e+01
9.378182710477931039e+01
9.347840066277376536e+01
9.317724977106161077e+01
9.287702414705258036e+01
9.257856783896284014e+01
9.228161207345583250e+01
9.198606947184784133e+01
9.169238013648873675e+01
9.139994405541327183e+01
9.110936078996108733e+01
9.082009230548788992e+01
9.053201943406845942e+01
9.024563862523525870e+01
8.996053330283808691e+01
8.967700102642955073e+01
8.939493986393402736e+01
8.911416441136253752e+01
8.883489970173593520e+01
8.855699333332209733e+01
8.828055234505602300e+01
8.800548209918046894e+01
8.773166071385664111e+01
8.745932504724305545e+01
8.718833504686506330e+01
8.691867470977584276e+01
8.665043412949943047e+01
8.638347695747813759e+01
8.611785694524958501e+01
8.585358929776988646e+01
8.559061553408980672e+01
8.532898228463358237e+01
8.506864996127441714e+01
8.480961412065511240e+01
8.455189569156202367e+01
8.429544398732902266e+01
8.404028047728746742e+01
8.378640378449431125e+01
8.353378256150374170e+01
8.328244031554379490e+01
8.303235248675420621e+01
8.278349665543940716e+01
8.253589895312973113e+01
8.228954119360690811e+01
8.204440912503248740e+01
8.180051189126668021e+01
8.155782763936649360e+01
8.131635142142157235e+01
8.107608926065228161e+01
8.083702100261268697e+01
8.059914037235556350e+01
8.036245105398771216e+01
8.012694085881325634e+01
7.989260336878082569e+01
7.965943487447756866e+01
7.942742324543468158e+01
7.919656345047579293e+01
7.896685192172422774e+01
7.873827913381485644e+01
7.851083935848183160e+01
7.828452717571067865e+01
7.805933370038520991e+01
7.783525298404046566e+01
7.761227928211346239e+01
7.739040395885599821e+01
7.716962080451520478e+01
7.694992439962572917e+01
7.673130670518774821e+01
7.651376075595214843e+01
7.629728075395463804e+01
7.608185930671305641e+01
7.586748918338736303e+01
7.565416410516499468e+01
7.544187683146007828e+01
7.523062027773690374e+01
7.502038840565084854e+01
7.481117414161788304e+01
7.460296988370400584e+01
7.439576919719851844e+01
7.418956549904096676e+01
7.398435145210892472e+01
7.378012028738751837e+01
7.357686540260877450e+01
7.337457960319716221e+01
7.317325600465041191e+01
7.297288802067397739e+01
7.277346860741960199e+01
7.257499078835697048e+01
7.237744793621577344e+01
7.218083321234406924e+01
7.198513963742212241e+01
7.179036043136503054e+01
7.159648885354164349e+01
7.140351807518302962e+01
7.121144129100130726e+01
7.102025176167539655e+01
7.082994275589936706e+01
7.064050750542202195e+01
7.045193927397387768e+01
7.026423139980859389e+01
7.007737719238761542e+01
6.989136995460228263e+01
6.970620307772597357e+01
6.952186995225247301e+01
6.933836394003938608e+01
6.915567847101944210e+01
6.897380701242224177e+01
6.879274301834833238e+01
6.861247997054553593e+01
6.843301139424427504e+01
6.825433084559240626e+01
6.807643189812294793e+01
6.789930813596642167e+01
6.772295318195205027e+01
6.754736070391233227e+01
6.737252438508161845e+01
6.719843792983417075e+01
6.702509508361421808e+01
6.685248962569859543e+01
6.668061536146974788e+01
6.650946612508208489e+01
6.633903578392657607e+01
6.616931824340731794e+01
6.600030744028428842e+01
6.583199733945951948e+01
6.566438194403326634e+01
6.549745529487370277e+01
6.533121146368786469e+01
6.516564455665177036e+01
6.500074871613672656e+01
6.483651812166515072e+01
6.467294699064257202e+01
6.451002957435630947e+01
6.434776016006635757e+01
6.418613307529678025e+01
6.402514268469454350e+01
6.386478338974093560e+01
6.370504962984253439e+01
6.354593588232280865e+01
6.338743666435844659e+01
6.322954653220815402e+01
6.307226007999177142e+01
6.291557194094752248e+01
6.275947678813866304e+01
6.260396933449621315e+01
6.244904433260008147e+01
6.229469657433611474e+01
6.214092089164030597e+01
6.198771215705366444e+01
6.183506528340968345e+01
6.168297522364014895e+01
6.153143697120126632e+01
6.138044555998873619e+01
6.122999606448983911e+01
6.108008360024844308e+01
6.093070332325476812e+01
6.078185043044374680e+01
6.063352015956309771e+01
6.048570778898690747e+01
6.033840863835493451e+01
6.019161806793745484e+01
6.004533147914094826e+01
5.989954431406305702e+01
5.975425205566556741e+01
5.960945022791642600e+01
5.946513439554097857e+01
5.932130016403716866e+01
5.917794317975140217e+01
5.903505912956327251e+01
5.889264374117961864e+01
5.875069278265866757e+01
5.860920206269798882e+01
5.846816743038113628e+01
5.832758477515250206e+01
5.818745002668190835e+01
5.804775915469795677e+01
5.790850816906017684e+01
5.776969311945875063e+01
5.763131009539457494e+01
5.749335522612051363e+01
5.735582468033899062e+01
5.721871466627403890e+01
5.708202143134359829e+01
5.694574126210486043e+01
5.680987048412077201e+01
5.667440546180198169e+01
5.653934259819210695e+01
5.640467833484385807e+01
5.627040915160259971e+01
5.613653156660922150e+01
5.600304213587171631e+01
5.586993745325808192e+01
5.573721415028268922e+01
5.560486889581424919e+01
5.547289839605844719e+01
5.534129939418779287e+01
5.521006867036243193e+01
5.507920304126144373e+01
5.494869936006642064e+01
5.481855451620137387e+01
5.468876543508560673e+01
5.455932907803081378e+01
5.443024244185258453e+01
5.430150255883089017e+01
5.417310649633206765e+01
5.404505135670324023e+01
5.391733427698653003e+01
5.378995242864770887e+01
5.366290301757129555e+01
5.353618328346165356e+01
5.340979049991640437e+01
5.328372197409096600e+01
5.315797504632044479e+01
5.303254709015457280e+01
5.290743551196052152e+01
5.278263775059352980e+01
5.265815127734988010e+01
5.253397359553989077e+01
5.241010224036885035e+01
5.228653477862076926e+01
5.216326880848935588e+01
5.204030195917939494e+01
5.191763189085943964e+01
5.179525629420151489e+01
5.167317289034728844e+01
5.155137943036466197e+01
5.142987369550114352e+01
5.130865349629822703e+01
5.118771667323402852e+01
5.106706109570026797e+01
5.094668466338221435e+01
5.082658530525618801e+01
5.070676098390809017e+01
5.058720969629391817e+01
5.046792948989050132e+01
5.034891847974611068e+01
5.023017492011653218e+01
5.011169732920696163e+01
4.999348486027032834e+01
4.987553810309968583e+01
4.975786122417137136e+01
4.964046707194267327e+01
4.952339045322793964e+01
4.940672150703094445e+01
4.929069280825306265e+01
4.917590589012524305e+01
4.906393086406260551e+01
4.895890926741686400e+01
4.887186761330249851e+01
4.883256065565539927e+01
4.892179452079410851e+01
4.936296106845220777e+01
5.077304456813483569e+01
5.490507515533923311e+01
6.663956716618777421e+01
1.003217273761593447e+02
1.949400685897768994e+02
4.688207604488331981e+02
1.186824691776269674e+03
3.054596607229311303e+03
5.813843172691241307e+03
7.908581242524045592e+03
3.114127306126904841e+03
3.336875150451487571e+02
3.227503811025720097e+03
1.527664782054033140e+03
8.836990538311897581e+02
1.950943978253609885e+03
5.342919064936825180e+02
1.490998729049198118e+03
5.261507538556550116e+02
9.347209366466989877e+02
5.523671666129640698e+02
6.151994280242396371e+02
6.063694759684883593e+02
4.126159916036280606e+02
5.431503312443641107e+02
2.775060174527815775e+02
4.981282957610901008e+02
2.190240872782100041e+02
3.914128046020877036e+02
2.020008653363571511e+02
3.076362136776086231e+02
2.014354399773401099e+02
2.156320966299993529e+02
2.148426498650767371e+02
1.523313019459122870e+02
2.027952592596727470e+02
1.218373382267461977e+02
1.732293266888763981e+02
1.119679184202481679e+02
1.363699682834925113e+02
1.164360278478795436e+02
1.026445846127107444e+02
1.191171147859282655e+02
8.059592950162434022e+01
1.106261740979446699e+02
7.382359573302500166e+01
9.366357443223431289e+01
7.583440510603644213e+01
7.505446785095841733e+01
7.867938289142030328e+01
6.191461258038231108e+01
7.666786772888907819e+01
5.755036303323092284e+01
6.888384492599338671e+01
5.917680665562747322e+01
5.882685614154361531e+01
6.136906382786853698e+01
5.190744296018820592e+01
5.998972595423416010e+01
5.019401053161316639e+01
5.517763600730021523e+01
5.170665654219413909e+01
4.992946631182124406e+01
5.265004541908326274e+01
4.708095987771565660e+01
5.109104454734112721e+01
4.695986116590195536e+01
4.799750485761076391e+01
4.774625317917687539e+01
4.552493860971392792e+01
4.753789538198061848e+01
4.478287181945281503e+01
4.602217738035962924e+01
4.508905057166062846e+01
4.434965215927648075e+01
4.513185938308736667e+01
4.353934982366782691e+01
4.432831804722965074e+01
4.353591130959828348e+01
4.322794637152004071e+01
4.356976179595500298e+01
4.257982901234283446e+01
4.308727820350257076e+01
4.250175559772438305e+01
4.230678642023264757e+01
4.250886017720377197e+01
4.176395489674253270e+01
4.216625668020767392e+01
4.164507675313272728e+01
4.156501516531505303e+01
4.165469631732936051e+01
4.109029463053497011e+01
4.142598941884232744e+01
4.093178144356338066e+01
4.095978524231797735e+01
4.091049283428787930e+01
4.053022639306563946e+01
4.074823499121600889e+01
4.032376133137784535e+01
4.039705063281595443e+01
4.025060822997517818e+01
4.003246822666112337e+01
4.011118992809591077e+01
3.980225562221642832e+01
3.984262838261248874e+01
3.967202808492242383e+01
3.954454623808106106e+01
3.951810263936046397e+01
3.931905055282710038e+01
3.929232564767978886e+01
3.915311917850362278e+01
3.904820746412966059e+01
3.897593686765944909e+01
3.884211514779487118e+01
3.876276057748928139e+01
3.866245595464545914e+01
3.854795034197589132e+01
3.847006128081847010e+01
3.835848713559093426e+01
3.825989652927757589e+01
3.817802836192940674e+01
3.805764845292114273e+01
3.798267803349749272e+01
3.787457376855392965e+01
3.777694337946925884e+01
3.769374639018673889e+01
3.758063692309727344e+01
3.750092759733252734e+01
3.739742749112034659e+01
3.730301220988327060e+01
3.721405589380685086e+01
3.711238087545498843e+01
3.702370156046613658e+01
3.692819447581501890e+01
3.683289477274065860e+01
3.674219357415218923e+01
3.664728232456595691e+01
3.655345413601774851e+01
3.646347331740545172e+01
3.636715974923861694e+01
3.627723811434218248e+01
3.618443213235394040e+01
3.609062081988310666e+01
3.600146248023964546e+01
3.590697080310016531e+01
3.581687479362640403e+01
3.572528565413619361e+01
3.563316189538623036e+01
3.554304149737787810e+01
3.545156825658300193e+01
3.536061023356014488e+01
3.527058298033632866e+01
3.517959931280670105e+01
3.508935540254545060e+01
3.499972132087746246e+01
3.490894265751003189e+01
3.481987610769176911e+01
3.472986815712368980e+01
3.464030530547328368e+01
3.455134153673471786e+01
3.446180687293255573e+01
3.437299185243662691e+01
3.428418672230175446e+01
3.419535293917360264e+01
3.410692976472476090e+01
3.401862049859838777e+01
3.393021790582912445e+01
3.384240764142912639e+01
3.375436260954840861e+01
3.366665054882249564e+01
3.357917589877628473e+01
3.349163352599907029e+01
3.340445965079136670e+01
3.331735699036128295e+01
3.323037342409737249e+01
3.314362817639335645e+01
3.305701527652527716e+01
3.297048709144877421e+01
3.288425506689483768e+01
3.279805063349797223e+01
3.271206245513713640e+01
3.262625412922776036e+01
3.254053768211714015e+01
3.245503245129150827e+01
3.236967358747278922e+01
3.228444679670662509e+01
3.219940471990113906e+01
3.211452010393068690e+01
3.202975785583247870e+01
3.194520236206244590e+01
3.186076589852117280e+01
3.177649720343102757e+01
3.169239642812589253e+01
3.160843774387548066e+01
3.152463879599651619e+01
3.144100801947993773e+01
3.135751838575060901e+01
3.127419277736128578e+01
3.119103019307523184e+01
3.110800944537146862e+01
3.102515874088107850e+01
3.094245964097688528e+01
3.085991474714450433e+01
3.077753006095068855e+01
3.069530295326521241e+01
3.061322588942837086e+01
3.053131339582659010e+01
3.044955263300542470e+01
3.036794800278491024e+01
3.028650301207821371e+01
3.020521208074491071e+01
3.012407698836868875e+01
3.004310071349777544e+01
2.996227892898684431e+01
2.988161286933900840e+01
2.980110561678469239e+01
2.972075195590842256e+01
2.964055560948240853e+01
2.956051583346945932e+01
2.948063151326948272e+01
2.940090300223212694e+01
2.932133191105235781e+01
2.924191528627100212e+01
2.916265544281523958e+01
2.908355170173826210e+01
2.900460337403359645e+01
2.892581101758197448e+01
2.884717498230283539e+01
2.876869408977975695e+01
2.869036921607766999e+01
2.861220029795228470e+01
2.853418660627217918e+01
2.845632875736795597e+01
2.837862659885929162e+01
2.830107975431771195e+01
2.822368842523999888e+01
2.814645276922341566e+01
2.806937219379492987e+01
2.799244712410964908e+01
2.791567737639981672e+01
2.783906279519357341e+01
2.776260336910314308e+01
2.768629924187032287e+01
2.761015002856511558e+01
2.753415591661144290e+01
2.745831680893488169e+01
2.738263258434431080e+01
2.730710318959978267e+01
2.723172869019299824e+01
2.715650886229736827e+01
2.708144373041691466e+01
2.700653325700964658e+01
2.693177733021830988e+01
2.685717588021014279e+01
2.678272891080755969e+01
2.670843629556821597e+01
2.663429797439675539e+01
2.656031391921048623e+01
2.648648403324442313e+01
2.641280823841660919e+01
2.633928649581959647e+01
2.626591872372008396e+01
2.619270483100445190e+01
2.611964477416224639e+01
2.604673847109365781e+01
2.597398583752545065e+01
2.590138680633536339e+01
2.582894131137640770e+01
2.575664925669491723e+01
2.568451057615548194e+01
2.561252519241122627e+01
2.554069302146555742e+01
2.546901397884206730e+01
2.539748799490705977e+01
2.532611497710343329e+01
2.525489484345186497e+01
2.518382751275746045e+01
2.511291290040891866e+01
2.504215091300167728e+01
2.497154147085351639e+01
2.490108448348199133e+01
2.483077986011232596e+01
2.476062751081081714e+01
2.469062734811231152e+01
2.462077927559453983e+01
2.455108320240238839e+01
2.448153903486126737e+01
2.441214667822709927e+01
2.434290603510799045e+01
2.427381701110556733e+01
2.420487950737305383e+01
2.413609342548126691e+01
2.406745866574352632e+01
2.399897512897226193e+01
2.393064271245205887e+01
2.386246131439888529e+01
2.379443083203562637e+01
2.372655116137212161e+01
2.365882219641694206e+01
2.359124383237445599e+01
2.352381596214083714e+01
2.345653847775479406e+01
2.338941127062437886e+01
2.332243423167382801e+01
2.325560725001636442e+01
2.318893021451061642e+01
2.312240301295133449e+01
2.305602553233200069e+01
2.298979765847679957e+01
2.292371927661722708e+01
2.285779027099095728e+01
2.279201052499693603e+01
2.272637992096815296e+01
2.266089834071637199e+01
2.259556566491855989e+01
2.253038177333603187e+01
2.246534654516267437e+01
2.240045985849693011e+01
2.233572159054538631e+01
2.227113161785183237e+01
2.220668981598221592e+01
2.214239605968584712e+01
2.207825022284021088e+01
2.201425217848557736e+01
2.195040179892745513e+01
2.188669895551309352e+01
2.182314351874624592e+01
2.175973535844849849e+01
2.169647434349030490e+01
2.163336034195768320e+01
2.157039322115149815e+01
2.150757284751011511e+01
2.144489908668311173e+01
2.138237180359787715e+01
2.131999086221587802e+01
2.125775612583600349e+01
2.119566745693001408e+01
2.113372471711015876e+01
2.107192776734103390e+01
2.101027646767672152e+01
2.094877067744482702e+01
2.088741025520337757e+01
2.082619505874220422e+01
2.076512494506354045e+01
2.070419977044699067e+01
2.064341939032711082e+01
2.058278365949555422e+01
2.052229243191859354e+01
2.046194556084590133e+01
2.040174289877741032e+01
2.034168429743270679e+01
2.028176960788280780e+01
2.022199868038386228e+01
2.016237136453110068e+01
2.010288750914621403e+01
2.004354696235063216e+01
1.998434957155073022e+01
1.992529518345846284e+01
1.986638364405707691e+01
1.980761479860566254e+01
1.974898849169170134e+01
1.969050456727926246e+01
1.963216286848503955e+01
1.957396323787022396e+01
1.951590551723083067e+01
1.945798954774781109e+01
1.940021516988880279e+01
1.934258222344187672e+01
1.928509054757349617e+01
1.922773998075196644e+01
1.917053036079783368e+01
1.911346152486990491e+01
1.905653330949429503e+01
1.899974555052951430e+01
1.894309808321349564e+01
1.888659074212790046e+01
1.883022336122879636e+01
1.877399577382757911e+01
1.871790781265574921e+01
1.866195930975884565e+01
1.860615009659967356e+01
1.855048000405911068e+01
1.849494886234117885e+01
1.843955650107866973e+01
1.838430274933563879e+01
1.832918743551129381e+01
1.827421038746557613e+01
1.821937143244931434e+01
1.816467039712107479e+01
1.811010710757551223e+01
1.805568138931907640e+01
1.800139306728473798e+01
1.794724196585670484e+01
1.789322790882357239e+01
1.783935071946175910e+01
1.778561022041472484e+01
1.773200623384412111e+01
1.767853858130665756e+01
1.762520708389816804e+01
1.757201156209355020e+01
1.751895183585527249e+01
1.746602772460169462e+01
1.741323904729856054e+01
1.736058562225685264e+01
1.730806726739697154e+01
1.725568380003411306e+01
1.720343503698872212e+01
1.715132079462264869e+01
1.709934088874408786e+01
1.704749513467896449e+01
1.699578334722919593e+01
1.694420534075634066e+01
1.689276092909445381e+01
1.684144992560935350e+01
1.679027214315691197e+01
1.673922739419571215e+01
1.668831549059758501e+01
1.663753624385127594e+01
1.658688946497954575e+01
1.653637496448166644e+01
1.648599255245585482e+01
1.643574203852542226e+01
1.638562323188670788e+01
1.633563594124564489e+01
1.628577997491755625e+01
1.623605514074116485e+01
1.618646124614798865e+01
1.613699809813932617e+01
1.608766550325837841e+01
1.603846326768492858e+01
1.598939119710123613e+01
1.594044909683508671e+01
1.589163677179536371e+01
1.584295402649012807e+01
1.579440066498459316e+01
1.574597649097356644e+01
1.569768130777779724e+01
1.564951491827026153e+01
1.560147712498606865e+01
1.555356773005623872e+01
1.550578653523975170e+01
1.545813334187765165e+01
1.541060795101594927e+01
1.536321016326911426e+01
1.531593977892343972e+01
1.526879659782496290e+01
1.522178041960156847e+01
1.517489104339261452e+01
1.512812826804913158e+01
1.508149189210042174e+01
1.503498171363599134e+01
1.498859753051860011e+01
1.494233914019996945e+01
1.489620633982863218e+01
1.485019892620903370e+01
1.480431669583599152e+01
1.475855944488080063e+01
1.471292696917909737e+01
1.466741906425452413e+01
1.462203552535585871e+01
1.457677614739321115e+01
1.453164072492879733e+01
1.448662905232002629e+01
1.444174092356479377e+01
1.439697613237852636e+01
1.435233447217979119e+01
1.430781573611701418e+01
1.426341971703221745e+01
1.421914620754632708e+01
1.417499499990177725e+01
1.413096588617621308e+01
1.408705865809604418e+01
1.404327310715975763e+01
1.399960902459996781e+01
1.395606620139675691e+01
1.391264442826735426e+01
1.386934349563485114e+01
1.382616319377663316e+01
1.378310331260367150e+01
1.374016364187255412e+01
1.369734397105461454e+01
1.365464408938879792e+01
1.361206378594920530e+01
1.356960284946573658e+01
1.352726106851154775e+01
1.348503823146096181e+01
1.344293412639746244e+01
1.340094854123907453e+01
1.335908126368822657e+01
1.331733208122751044e+01
1.327570078111840601e+01
1.323418715043840344e+01
1.319279097607407003e+01
1.315151204469785995e+01
1.311035014281041100e+01
1.306930505667112108e+01
1.302837657241657610e+01
1.298756447595708785e+01
1.294686855303674378e+01
1.290628858921777500e+01
1.286582436989701961e+01
1.282547568030318175e+01
1.278524230547374607e+01
1.274512403029235585e+01
1.270512063948224046e+01
1.266523191762240863e+01
1.262545764911885904e+01
1.258579761823151344e+01
1.254625160904083181e+01
1.250681940554539828e+01
1.246750079152740476e+01
1.242829555066612635e+01
1.238920346653509519e+01
1.235022432250671542e+01
1.231135790184983847e+01
1.227260398773686134e+01
1.223396236313240948e+01
1.219543281098505538e+01
1.215701511403209700e+01
1.211870905493340622e+01
1.208051441625621614e+01
1.204243098042931415e+01
1.200445852975412464e+01
1.196659684645738864e+01
1.192884571265726734e+01
1.189120491038213068e+01
1.185367422154349271e+01
1.181625342796257883e+01
1.177894231137393533e+01
1.174174065342139706e+01
1.170464823567511381e+01
1.166766483959523093e+01
1.163079024661944061e+01
1.159402423802559490e+01
1.155736659508392705e+01
1.152081709897764483e+01
1.148437553079174478e+01
1.144804167157710673e+01
1.141181530231065366e+01
1.137569620390688208e+01
1.133968415723788503e+01
1.130377894310206344e+01
1.126798034223599565e+01
1.123228813535259185e+01
1.119670210312868441e+01
1.116122202614013048e+01
1.112584768496879484e+01
1.109057886014957539e+01
1.105541533217857619e+01
1.102035688149800308e+01
1.098540328856005388e+01
1.095055433372912823e+01
1.091580979740883173e+01
1.088116945993917994e+01
1.084663310164551575e+01
1.081220050286971457e+01
1.077787144384057605e+01
1.074364570489244208e+01
1.070952306627960304e+01
1.067550330827015159e+01
1.064158621110664171e+01
1.060777155505167535e+01
1.057405912036122153e+01
1.054044868728833073e+01
1.050694003607696736e+01
1.047353294701379589e+01
1.044022720036744722e+01
1.040702257640637285e+01
1.037391885545496883e+01
1.034091581780884184e+01
1.030801324380461814e+01
1.027521091380038065e+01
1.024250860817838138e+01
1.020990610735868387e+01
1.017740319175702801e+01
